1746536643661 51.047120418848166 1
1746536650576 51.65794066317626 2
1746536657459 53.31588132635253 3
1746536664413 52.705061082024436 4
1746536671384 53.92670157068063 5
1746536678353 52.44328097731239 6
1746536685364 54.973821989528794 7
1746536692364 54.10122164048865 8
1746536699384 54.45026178010471 9
1746536706435 54.10122164048865 10
1746536713494 56.36998254799302 11
1746536720567 56.45724258289703 12
1746536727625 56.36998254799302 13
1746536734680 58.726003490401396 14
1746536741760 56.980802792321114 15
1746536748857 56.80628272251309 16
1746536755917 56.19546247818499 17
1746536762983 56.19546247818499 18
1746536770068 53.22862129144852 19
1746536777152 52.268760907504365 20
1746536784220 54.62478184991274 21
1746536791333 54.79930191972077 22
1746536798449 55.846422338568935 23
1746536805572 52.35602094240838 24
1746536812689 54.712041884816756 25
1746536819817 55.846422338568935 26
1746536826935 56.980802792321114 27
1746536834029 57.417102966841185 28
1746536841170 59.16230366492147 29
1746536848477 59.24956369982548 30
1746536855596 60.645724258289704 31
1746536862721 61.2565445026178 32
1746536869850 62.303664921465966 33
1746536876976 61.2565445026178 34
1746536884125 65.18324607329843 35
1746536891241 64.48516579406632 36
1746536898384 64.48516579406632 37
1746536905532 65.18324607329843 38
1746536912710 69.3717277486911 39
1746536919895 66.3176265270506 40
1746536927098 69.72076788830715 41
1746536934245 66.9284467713787 42
1746536941398 71.02966841186736 43
1746536948536 73.99650959860384 44
1746536955665 69.28446771378708 45
1746536962803 72.25130890052355 46
1746536969949 73.03664921465969 47
1746536977093 73.21116928446772 48
1746536984232 74.60732984293193 49
1746536991389 74.956369982548 50
1746536998532 76.09075043630017 51
1746537005711 74.78184991273997 52
1746537012857 76.43979057591623 53
1746537020046 77.92321116928447 54
1746537027223 77.22513089005236 55
1746537034381 76.70157068062828 56
1746537041536 80.19197207678883 57
1746537048691 80.54101221640488 58
1746537055865 79.14485165794066 59
1746537063021 80.10471204188482 60
1746537070165 80.71553228621292 61
1746537077352 79.93019197207678 62
1746537084532 82.28621291448516 63
1746537091707 81.41361256544502 64
1746537098862 83.59511343804537 65
1746537106033 83.0715532286213 66
1746537113225 86.2129144851658 67
1746537120389 83.33333333333333 68
1746537127570 85.07853403141361 69
1746537134764 85.34031413612566 70
1746537141932 86.91099476439791 71
1746537149116 86.38743455497382 72
1746537156293 87.60907504363001 73
1746537163453 87.34729493891797 74
1746537170628 88.48167539267016 75
1746537177801 89.61605584642234 76
1746537184996 88.65619546247818 77
1746537192209 89.3542757417103 78
1746537199408 91.53577661431065 79
1746537206596 90.22687609075044 80
1746537213755 90.75043630017451 81
1746537220930 91.2739965095986 82
1746537228079 91.97207678883072 83
1746537235287 92.58289703315882 84
1746537242465 91.97207678883072 85
1746537249637 93.36823734729494 86
1746537256816 91.71029668411867 87
1746537264006 92.58289703315882 88
1746537271197 92.84467713787086 89
1746537278370 92.23385689354276 90
1746537285554 92.67015706806282 91
1746537292766 90.75043630017451 92
1746537299938 92.23385689354276 93
1746537307102 90.05235602094241 94
1746537314280 92.75741710296684 95
1746537321482 91.97207678883072 96
1746537328665 94.06631762652705 97
1746537335826 93.717277486911 98
1746537342998 92.75741710296684 99
1746537350206 93.63001745200698 100
1746537357397 93.19371727748691 101
1746537364591 93.804537521815 102
1746537371786 93.54275741710296 103
1746537378946 94.06631762652705 104
1746537386143 93.89179755671903 105
1746537393321 93.36823734729494 106
1746537400502 94.4153577661431 107
1746537407687 95.0261780104712 108
1746537414910 94.50261780104712 109
1746537422082 95.89877835951134 110
1746537429254 95.46247818499127 111
1746537436425 95.0261780104712 112
1746537443582 93.717277486911 113
1746537450745 95.28795811518324 114
1746537457941 95.98603839441536 115
1746537465125 96.16055846422339 116
1746537472324 96.07329842931937 117
1746537479537 95.81151832460733 118
1746537486729 95.46247818499127 119
1746537493905 95.11343804537522 120
1746537501073 96.77137870855148 121
1746537508234 97.29493891797557 122
1746537515415 97.29493891797557 123
1746537522577 95.89877835951134 124
1746537529754 96.42233856893543 125
1746537536965 97.03315881326353 126
1746537544121 96.77137870855148 127
1746537551277 97.20767888307155 128
1746537558470 97.5567190226876 129
1746537565654 96.9458987783595 130
1746537572830 95.54973821989529 131
1746537580014 96.42233856893543 132
1746537587242 96.9458987783595 133
1746537594444 97.12041884816755 134
1746537601634 97.38219895287958 135
1746537608790 97.29493891797557 136
1746537615970 97.81849912739965 137
1746537623137 97.64397905759162 138
1746537630356 97.4694589877836 139
1746537637527 97.20767888307155 140
1746537644681 96.8586387434555 141
1746537651836 97.64397905759162 142
1746537659049 97.5567190226876 143
1746537666214 97.81849912739965 144
1746537673390 97.12041884816755 145
1746537680570 98.42931937172774 146
1746537687761 98.60383944153578 147
1746537694930 98.42931937172774 148
1746537702086 97.03315881326353 149
1746537709263 98.69109947643979 150
1746537716444 98.25479930191972 151
1746537723643 97.90575916230367 152
1746537730821 98.95287958115183 153
1746537737986 98.34205933682374 154
1746537745177 97.90575916230367 155
1746537752331 98.08027923211169 156
1746537759525 98.86561954624781 157
1746537766697 99.04013961605585 158
1746537773873 98.77835951134381 159
1746537781054 98.42931937172774 160
1746537788214 98.60383944153578 161
1746537795390 98.34205933682374 162
1746537802562 98.60383944153578 163
1746537809746 99.04013961605585 164
1746537816927 98.60383944153578 165
1746537824110 98.42931937172774 166
1746537831277 98.69109947643979 167
1746537838450 98.77835951134381 168
1746537845614 98.86561954624781 169
1746537852786 98.77835951134381 170
1746537859970 98.95287958115183 171
1746537867164 99.04013961605585 172
1746537874333 98.69109947643979 173
1746537881501 97.81849912739965 174
1746537888711 98.69109947643979 175
1746537895893 98.86561954624781 176
1746537903052 98.42931937172774 177
1746537910206 98.69109947643979 178
1746537917390 99.12739965095986 179
1746537924566 98.77835951134381 180
1746537931751 98.16753926701571 181
1746537938922 98.25479930191972 182
1746537946093 99.21465968586388 183
1746537953278 99.47643979057591 184
1746537960505 99.30191972076788 185
1746537967665 98.60383944153578 186
1746537974838 98.42931937172774 187
1746537982010 99.12739965095986 188
1746537989198 98.60383944153578 189
1746537996410 99.30191972076788 190
1746538003578 99.12739965095986 191
1746538010765 99.30191972076788 192
1746538017942 99.30191972076788 193
1746538025101 99.30191972076788 194
1746538032286 98.86561954624781 195
1746538039461 98.69109947643979 196
1746538046630 99.21465968586388 197
1746538053782 99.21465968586388 198
1746538060950 99.56369982547993 199
1746538068122 99.30191972076788 200
1746538075296 99.3891797556719 201
1746538082482 99.21465968586388 202
1746538089675 99.65095986038395 203
1746538097066 99.65095986038395 204
1746538104257 98.86561954624781 205
1746538111446 98.51657940663176 206
1746538118617 99.47643979057591 207
1746538125807 99.21465968586388 208
1746538132970 99.47643979057591 209
1746538140135 98.95287958115183 210
1746538147354 99.12739965095986 211
1746538154548 99.30191972076788 212
1746538161749 99.47643979057591 213
1746538168926 98.95287958115183 214
1746538176102 99.04013961605585 215
1746538183286 99.47643979057591 216
1746538190489 99.56369982547993 217
1746538197666 99.65095986038395 218
1746538204850 99.30191972076788 219
1746538212058 98.69109947643979 220
1746538219243 99.47643979057591 221
1746538226437 99.47643979057591 222
1746538233614 99.56369982547993 223
1746538240800 99.73821989528795 224
1746538247985 99.47643979057591 225
1746538255161 99.65095986038395 226
1746538262342 99.56369982547993 227
1746538269524 99.73821989528795 228
1746538276692 98.86561954624781 229
1746538283891 99.3891797556719 230
1746538291070 99.56369982547993 231
1746538298250 99.47643979057591 232
1746538305422 99.3891797556719 233
1746538312603 99.73821989528795 234
1746538319773 99.65095986038395 235
1746538326974 99.30191972076788 236
1746538334155 99.73821989528795 237
1746538341358 99.30191972076788 238
1746538348556 99.30191972076788 239
1746538355749 99.30191972076788 240
1746538362970 99.73821989528795 241
1746538370158 99.82547993019197 242
1746538377339 99.12739965095986 243
1746538384512 99.65095986038395 244
1746538391718 99.56369982547993 245
1746538398898 99.30191972076788 246
1746538406077 99.3891797556719 247
1746538413270 99.3891797556719 248
1746538420438 99.82547993019197 249
1746538427633 99.3891797556719 250
1746538436300 nan 250
