1746536643661 2.3254310028923326 1
1746536650575 1.0371180603225403 2
1746536657458 0.8061212669492392 3
1746536664412 0.8274236329771045 4
1746536671383 0.7415292163169821 5
1746536678351 0.7492399954254922 6
1746536685363 0.7258893278464805 7
1746536692363 0.7312640815089094 8
1746536699383 0.74435049576285 9
1746536706434 0.7245108482101201 10
1746536713492 0.7189604835568506 11
1746536720565 0.7264960712995413 12
1746536727625 0.7039190604112535 13
1746536734678 0.6865882997321416 14
1746536741758 0.6872618412680235 15
1746536748857 0.716363028185946 16
1746536755917 0.7012509060779791 17
1746536762982 0.6940902748241058 18
1746536770067 0.7095573932504571 19
1746536777150 0.7151064788483824 20
1746536784219 0.6957284596994077 21
1746536791332 0.6979629772911937 22
1746536798449 0.6922851200711249 23
1746536805571 0.6862985154721125 24
1746536812689 0.680890252036782 25
1746536819816 0.6798384164640416 26
1746536826934 0.6833120620895639 27
1746536834028 0.6616047267098285 28
1746536841169 0.67909535469185 29
1746536848477 0.6475329094324228 30
1746536855595 0.6563511076814009 31
1746536862720 0.6422656063009932 32
1746536869850 0.6385544725737646 33
1746536876975 0.6449355836210034 34
1746536884124 0.6245538853433952 35
1746536891241 0.6217033936923295 36
1746536898382 0.616781062688711 37
1746536905531 0.623713372057437 38
1746536912709 0.5952824275114982 39
1746536919893 0.6031373485948819 40
1746536927097 0.5860783552936234 41
1746536934244 0.6053418210247632 42
1746536941397 0.5601512283138788 43
1746536948536 0.5443133022148572 44
1746536955663 0.5805651206412656 45
1746536962803 0.5481926822745571 46
1746536969947 0.5494104328371884 47
1746536977093 0.5373493079843737 48
1746536984231 0.509989866827587 49
1746536991389 0.5083576156830912 50
1746536998531 0.5063422571406107 51
1746537005710 0.5031140359284366 52
1746537012857 0.49354405053623057 53
1746537020045 0.5003140845431915 54
1746537027222 0.47376781119518047 55
1746537034380 0.4893495054561222 56
1746537041535 0.43724659977262975 57
1746537048690 0.4407241263314691 58
1746537055864 0.44545745787196134 59
1746537063021 0.43754653382987874 60
1746537070165 0.4261561577024676 61
1746537077351 0.4381571669020994 62
1746537084530 0.40284315016881334 63
1746537091706 0.40676545389451696 64
1746537098861 0.37316847544482035 65
1746537106033 0.3818368227277959 66
1746537113224 0.33762627569584736 67
1746537120389 0.37437276633206046 68
1746537127569 0.36801300067812154 69
1746537134762 0.339996353285891 70
1746537141931 0.3251419266585072 71
1746537149115 0.32988560829071056 72
1746537156293 0.3048760666012972 73
1746537163453 0.3056606971780667 74
1746537170627 0.280974385437489 75
1746537177800 0.29001459468929763 76
1746537184995 0.28483626483102537 77
1746537192208 0.2749638826981265 78
1746537199408 0.24713589663228855 79
1746537206595 0.24069832275779252 80
1746537213754 0.2484731241202479 81
1746537220929 0.2372508135869657 82
1746537228078 0.22106589769609727 83
1746537235287 0.20030421043305704 84
1746537242465 0.21041859711079905 85
1746537249637 0.19385072969901415 86
1746537256815 0.21566137280087613 87
1746537264006 0.2155583916430282 88
1746537271196 0.20518607748948675 89
1746537278369 0.2137887579556327 90
1746537285553 0.20508433237385792 91
1746537292765 0.23158775605456366 92
1746537299937 0.21506109521651143 93
1746537307101 0.23474406928188096 94
1746537314279 0.1967239556200217 95
1746537321481 0.20549034911092456 96
1746537328664 0.17759919682774453 97
1746537335825 0.15609805614900424 98
1746537342997 0.21036510788437376 99
1746537350205 0.1633344544634145 100
1746537357396 0.18955263977197453 101
1746537364591 0.17346590657248756 102
1746537371785 0.19183964567034656 103
1746537378945 0.1742410276078637 104
1746537386143 0.1664063148135498 105
1746537393321 0.19255369263221664 106
1746537400501 0.17688047763668846 107
1746537407686 0.15640631212770004 108
1746537414909 0.1515530068914928 109
1746537422081 0.12496633977218032 110
1746537429253 0.13075786409005652 111
1746537436425 0.14943294460197706 112
1746537443581 0.16146406524832543 113
1746537450745 0.1314967222589785 114
1746537457940 0.1237414895018878 115
1746537465124 0.12854354125146883 116
1746537472324 0.11613766819134641 117
1746537479536 0.12257910950229638 118
1746537486729 0.126979249498659 119
1746537493905 0.14656445770857637 120
1746537501072 0.10384712945897438 121
1746537508233 0.08926243718264927 122
1746537515415 0.10433882971279596 123
1746537522576 0.11830563220743213 124
1746537529753 0.11272938347975829 125
1746537536964 0.10427457344495605 126
1746537544120 0.11112141583308278 127
1746537551276 0.09751026460455559 128
1746537558469 0.07937814617110173 129
1746537565653 0.10775321245154473 130
1746537572829 0.1602064229899052 131
1746537580013 0.1134067323338403 132
1746537587241 0.09648368437733845 133
1746537594443 0.09880225939666414 134
1746537601633 0.08723997277895193 135
1746537608789 0.08631302481338408 136
1746537615969 0.08505130058274739 137
1746537623137 0.07974364158143184 138
1746537630356 0.07575708124168984 139
1746537637527 0.08840171972624503 140
1746537644680 0.09994199716633943 141
1746537651836 0.08984782373496895 142
1746537659048 0.07707922889511337 143
1746537666213 0.07019977032956237 144
1746537673389 0.09101247752693208 145
1746537680569 0.061278605684117915 146
1746537687760 0.05735356868106553 147
1746537694929 0.057894003161442116 148
1746537702085 0.07347808548137155 149
1746537709263 0.054515235150398696 150
1746537716444 0.05952407661360164 151
1746537723643 0.07005626724522568 152
1746537730820 0.048738027757531874 153
1746537737985 0.05126011417934876 154
1746537745176 0.06778125824605036 155
1746537752331 0.06646509982814547 156
1746537759525 0.04681825927291293 157
1746537766697 0.04684182126676407 158
1746537773872 0.047885601603821 159
1746537781053 0.0576121526856437 160
1746537788213 0.046644461420844156 161
1746537795389 0.06027931921561143 162
1746537802562 0.05320902144208056 163
1746537809745 0.03722366591245846 164
1746537816927 0.04923705499534728 165
1746537824109 0.047456171298578355 166
1746537831276 0.04949291492365366 167
1746537838449 0.041265117948026404 168
1746537845613 0.03826095482389756 169
1746537852785 0.049094930170087654 170
1746537859969 0.04455068225226321 171
1746537867163 0.034660223843838635 172
1746537874331 0.05044496821704439 173
1746537881500 0.07800652390024113 174
1746537888711 0.04986387727470064 175
1746537895892 0.052111206434010474 176
1746537903052 0.044885181027495454 177
1746537910205 0.03776795228124055 178
1746537917389 0.03541363037742323 179
1746537924566 0.04466220955843883 180
1746537931750 0.05726167215050619 181
1746537938921 0.06446707771561169 182
1746537946093 0.027745266847253938 183
1746537953277 0.02443952986037596 184
1746537960504 0.023574714286798974 185
1746537967665 0.043468809992165985 186
1746537974837 0.036900901025970566 187
1746537982009 0.03218298141493496 188
1746537989198 0.04464623420066517 189
1746537996409 0.035097682751052045 190
1746538003577 0.03320586535603013 191
1746538010765 0.02761324601577852 192
1746538017941 0.027576646957315674 193
1746538025101 0.030478725450383222 194
1746538032285 0.03608753375132466 195
1746538039460 0.029676086795930774 196
1746538046629 0.026836667649519433 197
1746538053781 0.028535868269578272 198
1746538060949 0.02170966993318464 199
1746538068121 0.031138304918216148 200
1746538075296 0.01467334208168889 201
1746538082481 0.02139335200242352 202
1746538089675 0.017055177590590342 203
1746538097065 0.015732211337790923 204
1746538104257 0.03168266053928345 205
1746538111445 0.05424182974679776 206
1746538118616 0.027765675951331777 207
1746538125807 0.03504517354253179 208
1746538132969 0.02732361431955238 209
1746538140135 0.03763068462502582 210
1746538147353 0.02788512382727851 211
1746538154548 0.02054812126414262 212
1746538161748 0.02232989266613924 213
1746538168925 0.032299304668089446 214
1746538176101 0.027813163153619147 215
1746538183285 0.0192912237406432 216
1746538190488 0.02280557266902077 217
1746538197665 0.018586167515284767 218
1746538204849 0.031731125533362985 219
1746538212057 0.030260174915748755 220
1746538219242 0.0226550137593263 221
1746538226437 0.018313770444009673 222
1746538233613 0.013825791777009194 223
1746538240800 0.015388734616748794 224
1746538247984 0.01977863755011297 225
1746538255161 0.01348192245174479 226
1746538262341 0.01395428720105888 227
1746538269523 0.014890007963649893 228
1746538276691 0.025963629721137686 229
1746538283890 0.02171881379576702 230
1746538291070 0.021784212232817672 231
1746538298250 0.01865770398024762 232
1746538305421 0.016672284288001108 233
1746538312602 0.013118979791309326 234
1746538319773 0.016224635115478846 235
1746538326973 0.020478674580577116 236
1746538334155 0.011977907104458722 237
1746538341358 0.022268546393293932 238
1746538348555 0.022929342888640222 239
1746538355748 0.029894893828057805 240
1746538362969 0.012458712282106215 241
1746538370158 0.008986997707924898 242
1746538377339 0.02955294578185022 243
1746538384512 0.014028225418742596 244
1746538391717 0.015733940303764495 245
1746538398897 0.01920095464112286 246
1746538406076 0.019721389270711032 247
1746538413269 0.026121603383318592 248
1746538420438 0.016054300425970766 249
1746538427633 0.02460370653190684 250
