1746528042791 52.268760907504365 1
1746528049540 54.973821989528794 2
1746528056265 54.712041884816756 3
1746528063032 59.94764397905759 4
1746528069798 58.1151832460733 5
1746528076605 63.61256544502618 6
1746528083440 63.69982547993019 7
1746528090281 64.13612565445027 8
1746528097180 65.96858638743456 9
1746528104070 65.79406631762653 10
1746528110997 69.80802792321117 11
1746528117908 70.06980802792322 12
1746528124793 70.76788830715532 13
1746528131718 73.03664921465969 14
1746528138641 72.60034904013962 15
1746528145585 72.86212914485166 16
1746528152513 75.21815008726003 17
1746528159492 72.77486910994764 18
1746528166471 73.21116928446772 19
1746528173449 76.96335078534031 20
1746528180395 74.86910994764398 21
1746528187351 76.61431064572426 22
1746528194346 79.23211169284468 23
1746528201326 79.14485165794066 24
1746528208298 81.15183246073299 25
1746528215307 80.27923211169285 26
1746528222285 80.27923211169285 27
1746528229279 81.67539267015707 28
1746528236226 81.239092495637 29
1746528243193 83.50785340314137 30
1746528250161 83.7696335078534 31
1746528257160 85.6020942408377 32
1746528264161 84.3804537521815 33
1746528271164 84.81675392670157 34
1746528278153 85.07853403141361 35
1746528285155 84.46771378708551 36
1746528292167 87.08551483420594 37
1746528299169 87.60907504363001 38
1746528306162 87.87085514834206 39
1746528313337 87.60907504363001 40
1746528320352 87.95811518324608 41
1746528327349 89.26701570680628 42
1746528334360 90.40139616055846 43
1746528341353 90.40139616055846 44
1746528348373 89.00523560209425 45
1746528355381 90.66317626527051 46
1746528362410 91.36125654450262 47
1746528369442 92.05933682373472 48
1746528376461 91.2739965095986 49
1746528383508 91.44851657940663 50
1746528390543 92.75741710296684 51
1746528397553 93.10645724258289 52
1746528404576 91.62303664921465 53
1746528411595 94.15357766143106 54
1746528418662 94.24083769633508 55
1746528425651 92.84467713787086 56
1746528432660 94.4153577661431 57
1746528439672 94.50261780104712 58
1746528446697 94.4153577661431 59
1746528453732 94.06631762652705 60
1746528460741 94.85165794066317 61
1746528467766 95.89877835951134 62
1746528474796 95.98603839441536 63
1746528481812 96.33507853403141 64
1746528488818 96.77137870855148 65
1746528495835 96.59685863874346 66
1746528502865 97.38219895287958 67
1746528509910 95.98603839441536 68
1746528516910 96.59685863874346 69
1746528523933 97.4694589877836 70
1746528530937 97.4694589877836 71
1746528537969 97.81849912739965 72
1746528545004 97.5567190226876 73
1746528552009 97.12041884816755 74
1746528559061 98.08027923211169 75
1746528566102 98.51657940663176 76
1746528573136 98.69109947643979 77
1746528580166 98.77835951134381 78
1746528587232 97.20767888307155 79
1746528594247 98.77835951134381 80
1746528601255 98.42931937172774 81
1746528608290 99.04013961605585 82
1746528615360 98.60383944153578 83
1746528622388 97.81849912739965 84
1746528629408 98.69109947643979 85
1746528636472 98.69109947643979 86
1746528643522 98.69109947643979 87
1746528650532 99.12739965095986 88
1746528657531 98.77835951134381 89
1746528664569 98.51657940663176 90
1746528671585 99.47643979057591 91
1746528678616 98.69109947643979 92
1746528685658 99.12739965095986 93
1746528692682 99.21465968586388 94
1746528699670 98.95287958115183 95
1746528706700 98.95287958115183 96
1746528713729 99.21465968586388 97
1746528720776 99.21465968586388 98
1746528727810 99.04013961605585 99
1746528734841 98.95287958115183 100
1746528741866 98.69109947643979 101
1746528748933 98.86561954624781 102
1746528755985 99.30191972076788 103
1746528763014 99.21465968586388 104
1746528770043 98.69109947643979 105
1746528777065 99.3891797556719 106
1746528784116 98.86561954624781 107
1746528791160 98.77835951134381 108
1746528798204 99.04013961605585 109
1746528805260 99.3891797556719 110
1746528812322 99.47643979057591 111
1746528819379 98.77835951134381 112
1746528826421 99.47643979057591 113
1746528833464 98.77835951134381 114
1746528840508 99.12739965095986 115
1746528847533 99.21465968586388 116
1746528854571 99.12739965095986 117
1746528861613 98.69109947643979 118
1746528868669 98.77835951134381 119
1746528875711 99.04013961605585 120
1746528882772 98.86561954624781 121
1746528889808 99.21465968586388 122
1746528896843 98.95287958115183 123
1746528903887 99.12739965095986 124
1746528910924 98.51657940663176 125
1746528917964 98.86561954624781 126
1746528925005 98.95287958115183 127
1746528932048 99.12739965095986 128
1746528939085 98.25479930191972 129
1746528946109 98.60383944153578 130
1746528953163 99.47643979057591 131
1746528960246 98.86561954624781 132
1746528967276 98.69109947643979 133
1746528974316 98.16753926701571 134
1746528981365 98.42931937172774 135
1746528988404 98.86561954624781 136
1746528995441 99.30191972076788 137
1746529002489 98.77835951134381 138
1746529009541 98.86561954624781 139
1746529016607 98.95287958115183 140
1746529023647 98.86561954624781 141
1746529030700 98.08027923211169 142
1746529037717 98.51657940663176 143
1746529044765 98.34205933682374 144
1746529051800 98.16753926701571 145
1746529058880 98.60383944153578 146
1746529065910 97.99301919720767 147
1746529072954 98.77835951134381 148
1746529079993 98.16753926701571 149
1746529087043 98.34205933682374 150
1746529094099 98.34205933682374 151
1746529101150 98.42931937172774 152
1746529108182 98.60383944153578 153
1746529115213 98.34205933682374 154
1746529122273 99.21465968586388 155
1746529129337 98.08027923211169 156
1746529136381 99.12739965095986 157
1746529143421 99.12739965095986 158
1746529150474 98.77835951134381 159
1746529157513 99.30191972076788 160
1746529164581 98.86561954624781 161
1746529171637 98.86561954624781 162
1746529178677 98.42931937172774 163
1746529185738 99.3891797556719 164
1746529192794 98.77835951134381 165
1746529199841 99.12739965095986 166
1746529206858 98.95287958115183 167
1746529213885 99.47643979057591 168
1746529220939 99.04013961605585 169
1746529228009 99.30191972076788 170
1746529235062 99.73821989528795 171
1746529242105 99.3891797556719 172
1746529249165 98.95287958115183 173
1746529256241 99.47643979057591 174
1746529263296 98.95287958115183 175
1746529270326 99.21465968586388 176
1746529277381 99.3891797556719 177
1746529284419 99.47643979057591 178
1746529291483 99.73821989528795 179
1746529298543 99.3891797556719 180
1746529305573 99.65095986038395 181
1746529312630 99.3891797556719 182
1746529319710 99.65095986038395 183
1746529326745 99.65095986038395 184
1746529333797 99.21465968586388 185
1746529340833 99.30191972076788 186
1746529347857 99.47643979057591 187
1746529354937 98.60383944153578 188
1746529361990 99.65095986038395 189
1746529369057 99.65095986038395 190
1746529376089 99.30191972076788 191
1746529383136 99.3891797556719 192
1746529390168 99.65095986038395 193
1746529397211 99.73821989528795 194
1746529404261 99.56369982547993 195
1746529411305 99.3891797556719 196
1746529418372 99.47643979057591 197
1746529425405 98.86561954624781 198
1746529432467 99.21465968586388 199
1746529439506 99.56369982547993 200
1746529448815 nan 200
