1746528042790 1.2548743130648947 1
1746528049539 1.033625456675185 2
1746528056264 0.8005289565414242 3
1746528063031 0.7903683755618324 4
1746528069797 0.7462851418146497 5
1746528076604 0.6961071320645265 6
1746528083438 0.6566875426140963 7
1746528090280 0.6523346724102427 8
1746528097179 0.643126857374351 9
1746528104069 0.6621823370144629 10
1746528110996 0.6104033918072832 11
1746528117907 0.5860294748559256 12
1746528124792 0.5912126854036075 13
1746528131717 0.5585248335077708 14
1746528138640 0.5615459453789143 15
1746528145584 0.5576772171789439 16
1746528152512 0.5282172120678488 17
1746528159491 0.5423771940808854 18
1746528166469 0.5552865282403237 19
1746528173448 0.5108297299756221 20
1746528180395 0.5113355044086982 21
1746528187349 0.5170705175940695 22
1746528194345 0.4666582546725115 23
1746528201325 0.47148835086905727 24
1746528208297 0.45529269235920533 25
1746528215306 0.4416301119389958 26
1746528222284 0.44309429457674476 27
1746528229278 0.4201151902346919 28
1746528236225 0.42748300835204167 29
1746528243192 0.4009724510069709 30
1746528250160 0.4018130940084474 31
1746528257158 0.3824367889871148 32
1746528264160 0.3782988993701302 33
1746528271163 0.3640539081308854 34
1746528278152 0.35005379466902314 35
1746528285155 0.38559295645350977 36
1746528292167 0.3347682843137578 37
1746528299168 0.3235727379043273 38
1746528306162 0.3109130104694899 39
1746528313336 0.32443749842219327 40
1746528320351 0.2982952621802818 41
1746528327348 0.2822323611841568 42
1746528334359 0.27392796867805 43
1746528341352 0.27728905467670834 44
1746528348372 0.28186841553522446 45
1746528355380 0.24921037818436848 46
1746528362409 0.26278519315765375 47
1746528369441 0.21767547235126894 48
1746528376460 0.24568650435922865 49
1746528383507 0.2341477116651144 50
1746528390542 0.2008472756591559 51
1746528397552 0.19601831522755597 52
1746528404575 0.21690219427486573 53
1746528411594 0.18072364769264873 54
1746528418662 0.19087203194177588 55
1746528425651 0.19397682760294405 56
1746528432659 0.1468455369403849 57
1746528439671 0.1761474033092745 58
1746528446696 0.15768274066751956 59
1746528453731 0.17677894823682247 60
1746528460740 0.15877507100398627 61
1746528467766 0.1449406385798833 62
1746528474795 0.12792506787997474 63
1746528481811 0.12001078495882568 64
1746528488817 0.1158458969667944 65
1746528495834 0.1173214050916789 66
1746528502864 0.10097040287032073 67
1746528509909 0.12673598787963494 68
1746528516909 0.09777953702611865 69
1746528523932 0.09196172448535032 70
1746528530936 0.08346042383533706 71
1746528537968 0.08523164868328792 72
1746528545003 0.08342705677096028 73
1746528552009 0.08817959315814793 74
1746528559060 0.07360550132539467 75
1746528566101 0.06645808239868903 76
1746528573134 0.06230088302225239 77
1746528580165 0.06503086880395549 78
1746528587231 0.08168987693170811 79
1746528594246 0.06206015035848135 80
1746528601254 0.052548845228698446 81
1746528608289 0.05630895878996108 82
1746528615359 0.05623416987493192 83
1746528622387 0.0694996989551561 84
1746528629407 0.06231502823882702 85
1746528636471 0.055766044610405886 86
1746528643521 0.04982935161009613 87
1746528650531 0.041793832012548084 88
1746528657531 0.04274698320116334 89
1746528664568 0.050164369916637634 90
1746528671584 0.03858331189105648 91
1746528678615 0.05417152213982679 92
1746528685658 0.0405171279621556 93
1746528692681 0.04390127954104132 94
1746528699669 0.042849155936071595 95
1746528706698 0.042265874325552955 96
1746528713728 0.03874224679195932 97
1746528720775 0.04100696587476743 98
1746528727810 0.044653290076535616 99
1746528734840 0.041320949123219874 100
1746528741865 0.051168007054488075 101
1746528748932 0.044168739945320556 102
1746528755984 0.03847360921727841 103
1746528763013 0.036303343644680984 104
1746528770042 0.050108477450504146 105
1746528777064 0.036676041643748006 106
1746528784115 0.044236973132840626 107
1746528791159 0.048106368366193294 108
1746528798203 0.045601452575642194 109
1746528805258 0.03788873871356041 110
1746528812322 0.036106518065040026 111
1746528819378 0.04917261440040346 112
1746528826420 0.03749317826010794 113
1746528833463 0.048534123051463 114
1746528840507 0.03849577351455393 115
1746528847532 0.035648538019137546 116
1746528854570 0.04601791912419998 117
1746528861612 0.05114837990582873 118
1746528868668 0.042867566842462276 119
1746528875710 0.04041161632935726 120
1746528882770 0.04532186552414095 121
1746528889807 0.04066379775616615 122
1746528896842 0.04457776599610793 123
1746528903886 0.03993256571645772 124
1746528910923 0.05031455777598509 125
1746528917963 0.04478580359512547 126
1746528925004 0.044087027141053954 127
1746528932047 0.043512585142994685 128
1746528939084 0.055032308530355 129
1746528946108 0.053463514492786884 130
1746528953162 0.033341512825164496 131
1746528960245 0.04460085836120509 132
1746528967275 0.051554798114440206 133
1746528974315 0.061263158452578445 134
1746528981364 0.052600640891344135 135
1746528988403 0.042029615251077616 136
1746528995441 0.04529726016375823 137
1746529002488 0.050525538780991426 138
1746529009540 0.05062550461703154 139
1746529016606 0.05935276108411958 140
1746529023646 0.0482838075838814 141
1746529030699 0.06314196699115254 142
1746529037716 0.05011972080490326 143
1746529044764 0.07076807433567019 144
1746529051799 0.0666678585404657 145
1746529058879 0.05515506783302022 146
1746529065909 0.06818285139430359 147
1746529072953 0.06727633845828226 148
1746529079993 0.06543158591898844 149
1746529087042 0.06625536109530489 150
1746529094099 0.047940541029522554 151
1746529101149 0.061168097703998836 152
1746529108181 0.05036209084022056 153
1746529115212 0.057569869099929276 154
1746529122272 0.04021488526676754 155
1746529129337 0.06723889203686885 156
1746529136380 0.03631611441767549 157
1746529143420 0.035499506222854575 158
1746529150473 0.042166089591119976 159
1746529157513 0.037885824191574186 160
1746529164580 0.04810460851110037 161
1746529171637 0.046570695756266565 162
1746529178676 0.047530677510071125 163
1746529185737 0.03609919939864668 164
1746529192793 0.04247375716980267 165
1746529199840 0.043739363367475866 166
1746529206857 0.04297808600820432 167
1746529213884 0.031746051578179495 168
1746529220939 0.03836465162512754 169
1746529228008 0.031414612136248105 170
1746529235061 0.02208731373012989 171
1746529242105 0.03146625573610331 172
1746529249165 0.03681114597313503 173
1746529256241 0.02162163265140477 174
1746529263296 0.033397961549304855 175
1746529270325 0.027034655864306614 176
1746529277380 0.02661800210284521 177
1746529284418 0.02328617743380615 178
1746529291482 0.019408774912410102 179
1746529298542 0.02746243784033464 180
1746529305573 0.023629957254582702 181
1746529312629 0.029470509824702226 182
1746529319709 0.016160484086429575 183
1746529326745 0.023742133475761668 184
1746529333796 0.029701581410088464 185
1746529340832 0.024214280546556697 186
1746529347857 0.02235797804538128 187
1746529354937 0.04448170681040325 188
1746529361989 0.019066789007077665 189
1746529369056 0.016951717047449882 190
1746529376089 0.025079927783066093 191
1746529383136 0.023702804466065857 192
1746529390167 0.021123399561430355 193
1746529397210 0.01325209493006061 194
1746529404261 0.020154459395870097 195
1746529411304 0.01964657115717508 196
1746529418371 0.01880373758220002 197
1746529425404 0.035703065034723716 198
1746529432466 0.02590696242585921 199
1746529439505 0.020567964470293534 200
