1746530425895 2.047267934622773 1
1746530435283 0.8397793562832511 2
1746530444352 0.7743827676689854 3
1746530453457 0.7133386438845756 4
1746530462756 0.7241414891487641 5
1746530472264 0.7031748399892611 6
1746530481836 0.7023984271818431 7
1746530490986 0.7049829327415214 8
1746530499955 0.6799288586588222 9
1746530509303 0.6762241051251143 10
1746530519388 0.6484650018743612 11
1746530530216 0.6475917163319612 12
1746530540193 0.6449618482048807 13
1746530549733 0.6388206519381538 14
1746530559225 0.6209449967788776 15
1746530568767 0.6218211783996636 16
1746530578428 0.6008518611781468 17
1746530587825 0.6143521881852475 18
1746530597236 0.5948497907861573 19
1746530606630 0.5857461784522571 20
1746530616702 0.5582208302632676 21
1746530626940 0.5699742069211098 22
1746530636283 0.5646468556468192 23
1746530645776 0.545646506454308 24
1746530654984 0.5467059816157422 25
1746530664056 0.5419067447098138 26
1746530673497 0.5308993537804635 27
1746530682528 0.4983719857783426 28
1746530691924 0.5252848499524447 29
1746530700987 0.4842343726707379 30
1746530711772 0.4827852731807902 31
1746530722509 0.49361667671544807 32
1746530732166 0.47371538251274337 33
1746530741605 0.4774339438316918 34
1746530751269 0.4532218767918425 35
1746530760937 0.43261641700854475 36
1746530770391 0.4540289417819411 37
1746530779877 0.41383442277475596 38
1746530789449 0.41549988059785353 39
1746530798599 0.40264143182345086 40
1746530808299 0.40993932409644335 41
1746530818686 0.38008397203881494 42
1746530828339 0.4077126459717543 43
1746530837884 0.35151745522001443 44
1746530847193 0.39239049165868845 45
1746530856257 0.34138280090861295 46
1746530865855 0.3528400974227912 47
1746530874916 0.30434505854705657 48
1746530884377 0.3363513824307274 49
1746530893484 0.3121150195806646 50
1746530902235 0.29260909458521567 51
1746530909364 0.28279344085441416 52
1746530916496 0.2864884001318281 53
1746530923646 0.2968957099354912 54
1746530930778 0.27390888931447505 55
1746530937975 0.2588049431069775 56
1746530945130 0.23071419073181001 57
1746530952314 0.21979333911526683 58
1746530959577 0.19592660396354986 59
1746530966785 0.1974027304281115 60
1746530973961 0.19088208939340517 61
1746530981209 0.1996612221418667 62
1746530988986 0.18174264180176544 63
1746530996640 0.1996392529932408 64
1746531004336 0.16174579197199557 65
1746531012013 0.16142951126290034 66
1746531019749 0.14626956164810878 67
1746531027485 0.1422521183641065 68
1746531035244 0.12630274509897302 69
1746531043096 0.11185470698027503 70
1746531050799 0.12161913283338305 71
1746531058563 0.1007768630324806 72
1746531066409 0.10479552486674115 73
1746531074118 0.09137213647846672 74
1746531081823 0.09490606648096551 75
1746531089584 0.08625222611229665 76
1746531097297 0.07753762049863788 77
1746531105049 0.10178719419030306 78
1746531112800 0.06318916154970101 79
1746531120584 0.06695382306953636 80
1746531128330 0.05337093306305521 81
1746531136092 0.057928677178581245 82
1746531143939 0.045026396918086166 83
1746531151671 0.04678344162486585 84
1746531159552 0.050694732674044826 85
1746531167274 0.05702678465331542 86
1746531175001 0.03858405213403218 87
1746531182695 0.033068627315451696 88
1746531190421 0.038508339511981494 89
1746531198185 0.03487002925827846 90
1746531205907 0.04520101687687256 91
1746531213573 0.034314446892413794 92
1746531221315 0.044171163698505565 93
1746531229155 0.03813582629836563 94
1746531236818 0.030113470294459172 95
1746531244480 0.02593771429784453 96
1746531252151 0.032153136477225425 97
1746531259893 0.040101658163614974 98
1746531267568 0.04256125139868956 99
1746531275231 0.03738245369222854 100
1746531283087 0.023628429942853735 101
1746531290748 0.027447104868503453 102
1746531298370 0.02936285624059525 103
1746531305976 0.030271590421590663 104
1746531313776 0.03714716745691657 105
1746531321422 0.028069598510468065 106
1746531329030 0.033745299516014925 107
1746531336685 0.031367239432594694 108
1746531344383 0.023818039074442618 109
1746531352010 0.01771263678362723 110
1746531359618 0.032788189871636515 111
1746531367280 0.03123399143815886 112
1746531375109 0.02611173841071008 113
1746531382747 0.023243891525880335 114
1746531390414 0.024496214116483044 115
1746531398071 0.022168063489560942 116
1746531405754 0.021190366753861375 117
1746531413645 0.026343769708365515 118
1746531421510 0.026986161362295272 119
1746531429403 0.03029703466306208 120
1746531437334 0.03061090969565092 121
1746531445264 0.021002492427754413 122
1746531453175 0.01626915608355564 123
1746531461072 0.020739380918755268 124
1746531468963 0.03647151366030606 125
1746531476924 0.022624701174323178 126
1746531484894 0.01594848671715128 127
1746531492827 0.024179899314967803 128
1746531500730 0.01975537293666184 129
1746531508622 0.0220697555716603 130
1746531516494 0.016870631250011592 131
1746531524425 0.02025488516995212 132
1746531532325 0.017871932926251315 133
1746531540196 0.01603439492319774 134
1746531548092 0.026210714442644067 135
1746531556053 0.011913173753779583 136
1746531563971 0.014371339044611686 137
1746531571983 0.03369665447212951 138
1746531580009 0.024066947692522475 139
1746531587834 0.018028447921769806 140
1746531598100 0.01666951645165682 141
1746531608540 0.015083108624332889 142
1746531617804 0.022944773122120524 143
1746531626992 0.02020382580516395 144
1746531636406 0.012841958217777923 145
1746531645804 0.0174793664387949 146
1746531655291 0.020987904597281837 147
1746531664878 0.01231300134015112 148
1746531674217 0.013465430751689962 149
1746531683413 0.01025266958750869 150
1746531692790 0.012328843469629926 151
1746531702236 0.019615573351016272 152
1746531711506 0.012005168715553781 153
1746531720865 0.025768616994766496 154
1746531730185 0.01408253605100635 155
1746531739611 0.01619299629339087 156
1746531749202 0.019841685522198158 157
1746531758476 0.015015555223869404 158
1746531767862 0.013803832729901292 159
1746531777336 0.014518269910647762 160
1746531786840 0.008598520085670665 161
1746531796147 0.011119232312280418 162
1746531805503 0.010140385013073683 163
1746531814757 0.008086971960856984 164
1746531824106 0.013180877181805384 165
1746531833419 0.014834552856776165 166
1746531842935 0.007708297321169814 167
1746531852383 0.015143606924723321 168
1746531861625 0.020613015649972703 169
1746531870903 0.014083915034733245 170
1746531880146 0.011131636873554002 171
1746531889646 0.011537527881768315 172
1746531898930 0.00793385085555112 173
1746531908297 0.010674061483856336 174
1746531917619 0.014675052898300464 175
1746531927093 0.01186558347989571 176
1746531936465 0.011067415259589148 177
1746531945945 0.018364677229858805 178
1746531955376 0.011253640057688113 179
1746531964766 0.01158217269030073 180
1746531974095 0.01311635421398039 181
1746531983594 0.0077897987966823925 182
1746531993100 0.008863615029959583 183
1746532002529 0.01246619577044995 184
1746532011622 0.012535123225629824 185
1746532020811 0.008654973206978233 186
1746532029869 0.006722947169968088 187
1746532039290 0.007653101222743207 188
1746532048553 0.006532596373785511 189
1746532057256 0.004920256081783663 190
1746532064843 0.004841027860882217 191
1746532072431 0.009531407567738867 192
1746532080029 0.007333950787155083 193
1746532087653 0.014935437755872142 194
1746532095234 0.00936350327356512 195
1746532102873 0.014511271770072396 196
1746532110449 0.005204368458474038 197
1746532118033 0.006579933004790224 198
1746532125723 0.007565336229594954 199
1746532133386 0.006088901331475944 200
