1746530425896 49.65095986038394 1
1746530435284 55.32286212914485 2
1746530444353 55.846422338568935 3
1746530453458 54.275741710296685 4
1746530462757 57.853403141361255 5
1746530472265 57.068062827225134 6
1746530481837 55.14834205933683 7
1746530490986 58.726003490401396 8
1746530499956 56.8935427574171 9
1746530509304 59.424083769633505 10
1746530519389 61.867364746945896 11
1746530530217 62.390924956369986 12
1746530540194 61.954624781849915 13
1746530549734 64.3106457242583 14
1746530559226 67.53926701570681 15
1746530568768 67.10296684118674 16
1746530578429 69.28446771378708 17
1746530587825 67.62652705061082 18
1746530597237 70.76788830715532 19
1746530606631 69.54624781849913 20
1746530616703 71.64048865619546 21
1746530626941 72.07678883071553 22
1746530636284 72.33856893542757 23
1746530645777 72.25130890052355 24
1746530654985 73.21116928446772 25
1746530664057 74.08376963350786 26
1746530673498 73.73472949389179 27
1746530682529 76.35253054101221 28
1746530691925 73.64746945898779 29
1746530700988 77.83595113438045 30
1746530711773 77.13787085514834 31
1746530722509 77.4869109947644 32
1746530732166 78.44677137870855 33
1746530741606 77.22513089005236 34
1746530751270 78.88307155322862 35
1746530760938 79.75567190226876 36
1746530770392 78.70855148342059 37
1746530779878 81.06457242582897 38
1746530789449 82.19895287958116 39
1746530798600 83.24607329842932 40
1746530808299 82.19895287958116 41
1746530818687 84.46771378708551 42
1746530828340 82.11169284467714 43
1746530837885 84.29319371727749 44
1746530847194 82.98429319371728 45
1746530856258 85.25305410122164 46
1746530865856 83.33333333333333 47
1746530874918 87.60907504363001 48
1746530884378 85.16579406631763 49
1746530893485 87.60907504363001 50
1746530902236 87.17277486910994 51
1746530909365 88.21989528795811 52
1746530916497 89.09249563699825 53
1746530923647 87.60907504363001 54
1746530930779 89.3542757417103 55
1746530937976 89.87783595113439 56
1746530945131 91.62303664921465 57
1746530952315 90.83769633507853 58
1746530959579 92.67015706806282 59
1746530966786 93.28097731239093 60
1746530973962 92.93193717277487 61
1746530981210 92.40837696335079 62
1746530988987 93.54275741710296 63
1746530996641 92.58289703315882 64
1746531004337 93.717277486911 65
1746531012014 93.54275741710296 66
1746531019750 94.85165794066317 67
1746531027486 94.85165794066317 68
1746531035245 95.37521815008726 69
1746531043097 96.07329842931937 70
1746531050800 95.98603839441536 71
1746531058564 96.59685863874346 72
1746531066410 96.9458987783595 73
1746531074119 97.90575916230367 74
1746531081823 97.03315881326353 75
1746531089585 97.03315881326353 76
1746531097298 97.99301919720767 77
1746531105049 96.77137870855148 78
1746531112801 98.42931937172774 79
1746531120585 98.34205933682374 80
1746531128331 98.77835951134381 81
1746531136093 98.51657940663176 82
1746531143939 98.77835951134381 83
1746531151672 99.04013961605585 84
1746531159553 98.69109947643979 85
1746531167275 98.25479930191972 86
1746531175002 99.30191972076788 87
1746531182696 98.95287958115183 88
1746531190421 99.12739965095986 89
1746531198185 99.12739965095986 90
1746531205908 98.16753926701571 91
1746531213574 99.21465968586388 92
1746531221316 98.69109947643979 93
1746531229155 99.12739965095986 94
1746531236819 99.47643979057591 95
1746531244480 99.56369982547993 96
1746531252151 98.95287958115183 97
1746531259894 98.60383944153578 98
1746531267569 98.60383944153578 99
1746531275232 99.04013961605585 100
1746531283088 99.47643979057591 101
1746531290749 99.04013961605585 102
1746531298371 99.12739965095986 103
1746531305976 99.30191972076788 104
1746531313777 98.95287958115183 105
1746531321422 99.47643979057591 106
1746531329031 99.04013961605585 107
1746531336685 99.3891797556719 108
1746531344383 99.3891797556719 109
1746531352010 99.91273996509598 110
1746531359619 98.95287958115183 111
1746531367281 99.3891797556719 112
1746531375109 99.30191972076788 113
1746531382747 99.65095986038395 114
1746531390415 99.3891797556719 115
1746531398071 99.56369982547993 116
1746531405755 99.47643979057591 117
1746531413646 99.21465968586388 118
1746531421511 99.30191972076788 119
1746531429404 98.77835951134381 120
1746531437335 99.30191972076788 121
1746531445265 99.73821989528795 122
1746531453176 99.73821989528795 123
1746531461073 99.56369982547993 124
1746531468963 99.21465968586388 125
1746531476925 99.30191972076788 126
1746531484896 99.65095986038395 127
1746531492827 99.65095986038395 128
1746531500730 99.65095986038395 129
1746531508623 99.30191972076788 130
1746531516494 99.82547993019197 131
1746531524426 99.65095986038395 132
1746531532326 99.56369982547993 133
1746531540197 99.56369982547993 134
1746531548092 99.21465968586388 135
1746531556054 99.82547993019197 136
1746531563973 99.56369982547993 137
1746531571984 99.12739965095986 138
1746531580009 99.3891797556719 139
1746531587838 99.73821989528795 140
1746531598101 99.65095986038395 141
1746531608541 99.65095986038395 142
1746531617805 99.65095986038395 143
1746531626993 99.56369982547993 144
1746531636407 99.82547993019197 145
1746531645805 99.73821989528795 146
1746531655292 99.56369982547993 147
1746531664878 99.82547993019197 148
1746531674218 99.82547993019197 149
1746531683413 99.91273996509598 150
1746531692792 99.65095986038395 151
1746531702237 99.3891797556719 152
1746531711507 99.65095986038395 153
1746531720866 99.3891797556719 154
1746531730186 99.91273996509598 155
1746531739612 99.65095986038395 156
1746531749203 99.30191972076788 157
1746531758477 99.82547993019197 158
1746531767863 99.82547993019197 159
1746531777337 99.73821989528795 160
1746531786842 100.0 161
1746531796148 99.73821989528795 162
1746531805504 99.82547993019197 163
1746531814758 99.73821989528795 164
1746531824107 99.56369982547993 165
1746531833420 99.65095986038395 166
1746531842936 99.91273996509598 167
1746531852384 99.65095986038395 168
1746531861627 99.56369982547993 169
1746531870905 99.56369982547993 170
1746531880148 99.82547993019197 171
1746531889647 99.73821989528795 172
1746531898931 99.91273996509598 173
1746531908298 99.82547993019197 174
1746531917620 99.65095986038395 175
1746531927094 99.65095986038395 176
1746531936466 99.82547993019197 177
1746531945946 99.47643979057591 178
1746531955378 99.73821989528795 179
1746531964767 99.73821989528795 180
1746531974096 99.73821989528795 181
1746531983595 99.91273996509598 182
1746531993101 99.65095986038395 183
1746532002530 99.56369982547993 184
1746532011623 99.65095986038395 185
1746532020813 99.82547993019197 186
1746532029870 100.0 187
1746532039291 99.82547993019197 188
1746532048554 99.82547993019197 189
1746532057256 99.91273996509598 190
1746532064843 100.0 191
1746532072432 99.73821989528795 192
1746532080029 99.91273996509598 193
1746532087653 99.56369982547993 194
1746532095235 99.82547993019197 195
1746532102873 99.56369982547993 196
1746532110450 100.0 197
1746532118033 99.82547993019197 198
1746532125724 99.91273996509598 199
1746532133387 99.82547993019197 200
1746532144263 nan 200
