1746540833523 0.9355010622250888 1
1746540840523 0.7797425550524061 2
1746540847461 0.9113428860018599 3
1746540854471 0.7882000253670711 4
1746540861504 0.7514092724568765 5
1746540868567 0.7144732481522086 6
1746540875637 0.7235505036346576 7
1746540882715 0.6809389833588458 8
1746540889798 0.7023067549261123 9
1746540896944 0.6427754733782997 10
1746540904109 0.6431222492487643 11
1746540911280 0.6290540656702265 12
1746540918428 0.6154530545595844 13
1746540925607 0.6057641192048424 14
1746540932774 0.6033705479187491 15
1746540939937 0.5733597607304705 16
1746540947157 0.5724098268395735 17
1746540954338 0.5678364206983156 18
1746540961510 0.5726967138769739 19
1746540968712 0.5499452754048985 20
1746540975896 0.5449714632558573 21
1746540983136 0.5436958269090969 22
1746540990326 0.5224884912813729 23
1746540997521 0.5274358366796483 24
1746541004718 0.5291501747584052 25
1746541011920 0.5158987836896021 26
1746541019143 0.4967256750111805 27
1746541026359 0.510585793545941 28
1746541033579 0.4772247724872193 29
1746541040786 0.4811706464952199 30
1746541047994 0.48074956917013795 31
1746541055220 0.4625913400924643 32
1746541062437 0.47423850928301586 33
1746541069656 0.4485289273461746 34
1746541076908 0.44207063192472407 35
1746541084168 0.4251068321822201 36
1746541091395 0.4224483218908726 37
1746541098620 0.4242332604751121 38
1746541105921 0.40306822157239 39
1746541113171 0.38135404694974945 40
1746541120462 0.39302107816591314 41
1746541127720 0.41082173960371166 42
1746541134952 0.3913104523486908 43
1746541142189 0.3568384662972695 44
1746541149441 0.3613155602524626 45
1746541156713 0.3593418925844562 46
1746541163987 0.3385104125082805 47
1746541171230 0.3706655940252241 48
1746541178449 0.3560600756142568 49
1746541185717 0.3349888717420854 50
1746541192972 0.3609012668565514 51
1746541200225 0.32277309072787436 52
1746541207477 0.3012889414557612 53
1746541214722 0.3037667099978079 54
1746541221964 0.31193210691681705 55
1746541229208 0.3108062147574067 56
1746541236477 0.312621274075583 57
1746541243723 0.2882849821661571 58
1746541250967 0.2934848399374497 59
1746541258221 0.2718096352580538 60
1746541265480 0.2575722529079902 61
1746541272738 0.24316771216625527 62
1746541279994 0.2674070758969372 63
1746541287261 0.25255540559429146 64
1746541294538 0.2519719515379395 65
1746541301792 0.2329341409562146 66
1746541309043 0.2502263224249735 67
1746541316293 0.24988925727458108 68
1746541323533 0.22990418819752872 69
1746541330786 0.2059499025864959 70
1746541338033 0.22260291390706108 71
1746541345323 0.2237584013849445 72
1746541352575 0.21773476391562616 73
1746541359810 0.2147553840076736 74
1746541367066 0.2296490073984206 75
1746541374319 0.20434295673436936 76
1746541381585 0.21970935386929005 77
1746541388831 0.21018620105183977 78
1746541396072 0.1932776488142696 79
1746541403327 0.2128987940350128 80
1746541410557 0.20988437028871573 81
1746541417807 0.2033782708239181 82
1746541425041 0.2160222763894532 83
1746541432281 0.19394555964212976 84
1746541439517 0.19684399089680085 85
1746541446765 0.19172386479211312 86
1746541454011 0.1847259668831634 87
1746541461247 0.20426863850619364 88
1746541468481 0.2000688730786192 89
1746541475716 0.19290965558866763 90
1746541482955 0.1757452532935101 91
1746541490213 0.19329510604471853 92
1746541497460 0.17734143135331273 93
1746541504712 0.17637795521950847 94
1746541511975 0.1917104630570137 95
1746541519227 0.18327805561128918 96
1746541526486 0.18177767503636047 97
1746541533744 0.18287112721181872 98
1746541540991 0.18585029756731597 99
1746541548232 0.1818443264740716 100
