1746540833524 53.1413612565445 1
1746540840523 52.87958115183246 2
1746540847462 53.57766143106457 3
1746540854473 55.32286212914485 4
1746540861505 55.93368237347295 5
1746540868568 60.645724258289704 6
1746540875638 57.853403141361255 7
1746540882715 60.55846422338569 8
1746540889799 60.645724258289704 9
1746540896944 65.44502617801047 10
1746540904109 64.13612565445027 11
1746540911281 65.35776614310646 12
1746540918429 65.27050610820244 13
1746540925609 67.80104712041884 14
1746540932775 67.01570680628272 15
1746540939938 69.9825479930192 16
1746540947159 70.59336823734729 17
1746540954339 70.68062827225131 18
1746540961512 71.20418848167539 19
1746540968713 73.73472949389179 20
1746540975897 73.03664921465969 21
1746540983137 73.1239092495637 22
1746540990327 75.74171029668412 23
1746540997521 73.38568935427574 24
1746541004719 73.82198952879581 25
1746541011921 74.86910994764398 26
1746541019144 76.70157068062828 27
1746541026359 74.69458987783595 28
1746541033580 77.66143106457243 29
1746541040788 77.66143106457243 30
1746541047995 78.0977312390925 31
1746541055221 80.27923211169285 32
1746541062438 78.53403141361257 33
1746541069657 79.84293193717278 34
1746541076909 80.36649214659685 35
1746541084169 80.36649214659685 36
1746541091396 81.15183246073299 37
1746541098621 82.02443280977312 38
1746541105922 84.11867364746946 39
1746541113172 84.64223385689354 40
1746541120463 84.3804537521815 41
1746541127721 82.72251308900523 42
1746541134953 83.59511343804537 43
1746541142190 85.34031413612566 44
1746541149441 85.86387434554973 45
1746541156713 85.16579406631763 46
1746541163988 86.47469458987784 47
1746541171231 85.16579406631763 48
1746541178449 86.91099476439791 49
1746541185718 87.17277486910994 50
1746541192973 85.51483420593368 51
1746541200226 87.26003490401396 52
1746541207478 89.00523560209425 53
1746541214723 88.8307155322862 54
1746541221965 89.3542757417103 55
1746541229208 88.1326352530541 56
1746541236477 87.60907504363001 57
1746541243724 89.96509598603839 58
1746541250968 88.48167539267016 59
1746541258221 90.75043630017451 60
1746541265481 91.53577661431065 61
1746541272738 91.7975567190227 62
1746541279996 90.57591623036649 63
1746541287261 90.57591623036649 64
1746541294538 90.92495636998255 65
1746541301793 92.23385689354276 66
1746541309044 91.2739965095986 67
1746541316293 90.83769633507853 68
1746541323534 92.40837696335079 69
1746541330786 93.717277486911 70
1746541338034 92.14659685863874 71
1746541345324 92.32111692844677 72
1746541352577 93.28097731239093 73
1746541359811 92.40837696335079 74
1746541367067 92.40837696335079 75
1746541374320 94.06631762652705 76
1746541381585 92.75741710296684 77
1746541388832 93.717277486911 78
1746541396073 93.804537521815 79
1746541403328 92.67015706806282 80
1746541410558 93.804537521815 81
1746541417809 93.28097731239093 82
1746541425042 92.23385689354276 83
1746541432282 94.15357766143106 84
1746541439519 94.06631762652705 85
1746541446766 94.4153577661431 86
1746541454012 95.11343804537522 87
1746541461249 93.36823734729494 88
1746541468481 93.804537521815 89
1746541475717 93.804537521815 90
1746541482956 94.67713787085515 91
1746541490213 93.717277486911 92
1746541497461 95.20069808027924 93
1746541504713 95.28795811518324 94
1746541511976 94.58987783595113 95
1746541519228 93.89179755671903 96
1746541526487 94.50261780104712 97
1746541533745 94.24083769633508 98
1746541540993 94.3280977312391 99
1746541548233 94.50261780104712 100
1746541557266 53.2501635390153 100
