1746611576725 52.09424083769633 1
1746611584877 52.5305410122164 2
1746611593059 53.22862129144852 3
1746611601341 53.92670157068063 4
1746611609612 55.846422338568935 5
1746611617941 54.88656195462478 6
1746611626199 56.8935427574171 7
1746611634504 55.67190226876091 8
1746611642989 60.55846422338569 9
1746611651294 58.638743455497384 10
1746611659636 62.21640488656195 11
1746611667993 60.82024432809773 12
1746611676357 61.69284467713787 13
1746611684719 63.35078534031414 14
1746611693077 65.27050610820244 15
1746611701445 66.9284467713787 16
1746611709866 66.57940663176265 17
1746611718257 65.88132635253054 18
1746611726648 66.05584642233858 19
1746611735041 65.79406631762653 20
1746611743484 67.10296684118674 21
1746611751905 65.96858638743456 22
1746611760338 69.72076788830715 23
1746611768781 68.41186736474694 24
1746611777236 68.23734729493891 25
1746611785685 67.71378708551484 26
1746611794121 67.53926701570681 27
1746611802599 69.72076788830715 28
1746611811111 72.33856893542757 29
1746611819565 71.9022687609075 30
1746611828023 70.50610820244329 31
1746611836489 71.81500872600348 32
1746611844965 71.20418848167539 33
1746611853417 74.17102966841186 34
1746611861905 71.55322862129145 35
1746611870385 71.37870855148343 36
1746611878830 70.76788830715532 37
1746611887280 72.94938917975567 38
1746611895735 74.25828970331588 39
1746611904196 72.77486910994764 40
1746611912645 75.5671902268761 41
1746611921128 73.38568935427574 42
1746611929608 72.94938917975567 43
1746611938097 76.09075043630017 44
1746611946581 75.21815008726003 45
1746611955022 76.35253054101221 46
1746611963508 76.52705061082024 47
1746611971976 78.44677137870855 48
1746611980422 75.91623036649214 49
1746611988942 77.5741710296684 50
1746611998769 49.71226913902073 50
