1746611576724 0.9125498599042859 1
1746611584877 0.9233174681871558 2
1746611593058 0.8604126608496561 3
1746611601340 0.7574944664150425 4
1746611609611 0.7605762137896519 5
1746611617941 0.7417862324814521 6
1746611626198 0.7106822630289753 7
1746611634503 0.7053290001176831 8
1746611642988 0.682125008023014 9
1746611651293 0.6740395243671344 10
1746611659635 0.6768690832414345 11
1746611667992 0.6710401849388868 12
1746611676356 0.6558261242212425 13
1746611684718 0.6458334149906565 14
1746611693076 0.636000888197834 15
1746611701445 0.6178821461050922 16
1746611709865 0.626747338403582 17
1746611718256 0.6285163469963673 18
1746611726648 0.6122339688254484 19
1746611735040 0.6265536477012368 20
1746611743483 0.6125103382956087 21
1746611751903 0.6172021936371689 22
1746611760338 0.5943459316073912 23
1746611768780 0.612489582148314 24
1746611777236 0.5974166050007206 25
1746611785684 0.591701880487472 26
1746611794120 0.6090643973874796 27
1746611802598 0.5877641438397646 28
1746611811110 0.571598994378228 29
1746611819564 0.5668594307716396 30
1746611828022 0.5756670592342996 31
1746611836488 0.559366321376481 32
1746611844964 0.5684857450646672 33
1746611853416 0.5551690137823214 34
1746611861905 0.5628297373158353 35
1746611870384 0.566292684843819 36
1746611878830 0.561738264238231 37
1746611887279 0.5496867677720222 38
1746611895734 0.5364276638829896 39
1746611904195 0.5588885044864335 40
1746611912644 0.5328183581899806 41
1746611921127 0.5453248257516359 42
1746611929607 0.5422803655552823 43
1746611938096 0.5117973651457416 44
1746611946581 0.5363174327380994 45
1746611955022 0.526059512224497 46
1746611963507 0.5093566097098079 47
1746611971976 0.4927833961098606 48
1746611980421 0.5214154607962563 49
1746611988942 0.5027013319637139 50
