1746614760973 2.466605903304273 1
1746614769104 0.8418259114079034 2
1746614777329 0.7511913673935968 3
1746614785603 0.7295889413377585 4
1746614794116 0.6922733448770866 5
1746614802455 0.7020784218065818 6
1746614810826 0.7017533764581197 7
1746614819264 0.7103891736757901 8
1746614827659 0.7114848788912176 9
1746614836073 0.7130452688867925 10
1746614844535 0.7114262795157041 11
1746614852997 0.7090892801630143 12
1746614861473 0.7138367533475732 13
1746614869997 0.7125942948392965 14
1746614878572 0.7119429667998775 15
1746614887045 0.7007258421047404 16
1746614895506 0.7227006152558285 17
1746614903996 0.7048587075078675 18
1746614912513 0.7048507865394805 19
1746614921033 0.7064314250546601 20
1746614929554 0.7217498097120155 21
1746614938079 0.7157810540515507 22
1746614946625 0.7085804718743236 23
1746614955153 0.7044909051367542 24
1746614963693 0.7327486293270118 25
1746614972216 0.7254641594895102 26
1746614980767 0.7093949340816984 27
1746614989310 0.7033928771085556 28
1746614997837 0.7034257079294215 29
1746615006388 0.7110478209159345 30
1746615014914 0.6986841545887227 31
1746615023468 0.7131588680061787 32
1746615032004 0.7157573055014352 33
1746615040530 0.7017863444840929 34
1746615049077 0.721104338947183 35
1746615057622 0.7184344201395857 36
1746615066160 0.7131107237326537 37
1746615074676 0.7014023244484973 38
1746615083191 0.7038785698734237 39
1746615091672 0.706419335089845 40
1746615100149 0.7225920486200542 41
1746615108616 0.7202112884837711 42
1746615117065 0.6996241365843835 43
1746615125512 0.7141057440123633 44
1746615133963 0.6967765082447525 45
1746615142402 0.7075088380935096 46
1746615150857 0.7040393140303527 47
1746615159285 0.7086527069825777 48
1746615167757 0.7060878416214522 49
1746615176210 0.7294314665944165 50
1746615184639 0.7019184627041974 51
1746615193063 0.7143334905514542 52
1746615201502 0.6935003179322154 53
1746615209945 0.7035590554823218 54
1746615218354 0.6977471246353203 55
1746615226789 0.6945188071507226 56
1746615235236 0.7036175800659685 57
1746615243617 0.7070374230855838 58
1746615252040 0.7002985007267764 59
1746615260487 0.6945259401519469 60
1746615268926 0.6952635768612434 61
1746615277356 0.6919778763311696 62
1746615285835 0.691906897913515 63
1746615294278 0.6985840422944872 64
1746615302674 0.6963845681769686 65
1746615311095 0.6931667442305134 66
1746615319552 0.6915492678603993 67
1746615327988 0.6969690578770263 68
1746615336408 0.6951654432747792 69
1746615344863 0.6921661803027515 70
1746615353292 0.6979297707426194 71
1746615361723 0.6914143320985697 72
1746615370152 0.6955785635878279 73
1746615378556 0.690023368565824 74
1746615387011 0.6936246264875455 75
1746615395447 0.6908183869683098 76
1746615403862 0.691729639733233 77
1746615412285 0.6903202630462447 78
1746615420708 0.693831763342413 79
1746615429173 0.6916740798825369 80
1746615437651 0.6906802961131457 81
1746615446033 0.6892410731024351 82
1746615454461 0.6910972443342625 83
1746615462898 0.6897677124898888 84
1746615471332 0.6900867254946245 85
1746615479756 0.69056459309543 86
1746615488153 0.6894381225213122 87
1746615496588 0.6901291838699194 88
1746615505015 0.6912681863986176 89
1746615513464 0.6891913349507783 90
1746615521919 0.689283517538773 91
1746615530345 0.6892889215892106 92
1746615538744 0.6893252417263144 93
1746615547176 0.6889336950699905 94
1746615555638 0.6887221497598951 95
1746615564090 0.6885236217713481 96
1746615572530 0.6885417715417153 97
1746615580948 0.688592779178686 98
1746615589365 0.6884137247453394 99
1746615597798 0.6884014471247142 100
1746615606241 0.6883869661086517 101
1746615614654 0.6883928255677015 102
1746615623076 0.688435023263695 103
1746615631587 0.6884412782146461 104
1746615639997 0.6885736671001708 105
1746615648437 0.6886221283809468 106
1746615656928 0.6887818165058449 107
1746615665356 0.6892655963048885 108
1746615673787 0.6899478637319169 109
1746615682206 0.6902520069901231 110
1746615690642 0.6895097171656956 111
1746615699061 0.6893263341660691 112
1746615707485 0.6897424211884876 113
1746615715898 0.6903782192533137 114
