1746614760974 51.047120418848166 1
1746614769105 50.0 2
1746614777330 52.00698080279232 3
1746614785604 52.5305410122164 4
1746614794117 54.712041884816756 5
1746614802456 54.45026178010471 6
1746614810827 52.181500872600346 7
1746614819265 51.2216404886562 8
1746614827660 52.00698080279232 9
1746614836073 53.7521815008726 10
1746614844536 52.09424083769633 11
1746614852997 50.87260034904014 12
1746614861474 50.08726003490401 13
1746614869998 50.0 14
1746614878573 51.65794066317626 15
1746614887046 52.00698080279232 16
1746614895507 50.34904013961606 17
1746614903997 52.09424083769633 18
1746614912514 53.839441535776615 19
1746614921033 52.617801047120416 20
1746614929555 49.12739965095986 21
1746614938080 51.047120418848166 22
1746614946625 51.74520069808028 23
1746614955154 50.52356020942408 24
1746614963694 49.12739965095986 25
1746614972217 51.2216404886562 26
1746614980768 52.09424083769633 27
1746614989311 53.66492146596859 28
1746614997838 52.44328097731239 29
1746615006389 53.31588132635253 30
1746615014915 52.44328097731239 31
1746615023469 52.268760907504365 32
1746615032005 49.12739965095986 33
1746615040531 52.09424083769633 34
1746615049077 51.2216404886562 35
1746615057623 52.268760907504365 36
1746615066161 53.66492146596859 37
1746615074677 50.69808027923211 38
1746615083192 52.44328097731239 39
1746615091673 51.74520069808028 40
1746615100149 52.79232111692845 41
1746615108617 51.57068062827225 42
1746615117065 51.74520069808028 43
1746615125513 50.69808027923211 44
1746615133964 52.79232111692845 45
1746615142403 50.174520069808025 46
1746615150857 50.0 47
1746615159285 50.34904013961606 48
1746615167757 50.69808027923211 49
1746615176210 50.87260034904014 50
1746615184640 50.174520069808025 51
1746615193065 51.2216404886562 52
1746615201503 53.31588132635253 53
1746615209945 53.1413612565445 54
1746615218355 52.44328097731239 55
1746615226789 50.52356020942408 56
1746615235237 54.18848167539267 57
1746615243617 53.1413612565445 58
1746615252041 52.966841186736474 59
1746615260488 51.91972076788831 60
1746615268927 50.52356020942408 61
1746615277357 53.31588132635253 62
1746615285836 53.839441535776615 63
1746615294279 53.66492146596859 64
1746615302675 53.1413612565445 65
1746615311096 53.31588132635253 66
1746615319553 52.617801047120416 67
1746615327989 49.825479930191975 68
1746615336408 52.09424083769633 69
1746615344864 54.712041884816756 70
1746615353293 51.91972076788831 71
1746615361724 53.66492146596859 72
1746615370153 53.49040139616056 73
1746615378556 53.49040139616056 74
1746615387012 53.839441535776615 75
1746615395448 53.49040139616056 76
1746615403863 53.31588132635253 77
1746615412285 54.3630017452007 78
1746615420709 53.31588132635253 79
1746615429174 54.88656195462478 80
1746615437652 54.88656195462478 81
1746615446033 54.88656195462478 82
1746615454462 54.18848167539267 83
1746615462899 54.88656195462478 84
1746615471333 52.617801047120416 85
1746615479757 54.88656195462478 86
1746615488153 54.88656195462478 87
1746615496589 54.88656195462478 88
1746615505017 54.88656195462478 89
1746615513465 54.88656195462478 90
1746615521920 54.88656195462478 91
1746615530345 54.88656195462478 92
1746615538745 54.88656195462478 93
1746615547177 54.88656195462478 94
1746615555639 54.88656195462478 95
1746615564091 54.88656195462478 96
1746615572531 54.88656195462478 97
1746615580949 54.88656195462478 98
1746615589366 54.88656195462478 99
1746615597799 54.88656195462478 100
1746615606242 54.88656195462478 101
1746615614655 54.88656195462478 102
1746615623077 54.88656195462478 103
1746615631588 54.88656195462478 104
1746615639997 54.88656195462478 105
1746615648437 54.88656195462478 106
1746615656929 54.88656195462478 107
1746615665357 54.88656195462478 108
1746615673788 54.88656195462478 109
1746615682207 54.88656195462478 110
1746615690643 54.88656195462478 111
1746615699061 54.88656195462478 112
1746615707486 54.88656195462478 113
1746615715899 54.88656195462478 114
