1746613831544 2.0285599035654625 1
1746613839661 0.790223463823658 2
1746613847840 0.798410335500411 3
1746613856087 0.7355498039077506 4
1746613864373 0.7417311672556879 5
1746613872698 0.7582190381606836 6
1746613881055 0.7176713542996485 7
1746613889443 0.7275140730706393 8
1746613898024 0.7223472456865494 9
1746613906462 0.7641615717822968 10
1746613914910 0.7185913678551219 11
1746613923366 0.7167770680540727 12
1746613931823 0.7010582522155935 13
1746613940299 0.752451193582325 14
1746613948811 0.714375816402635 15
1746613957280 0.7355421667635753 16
1746613965745 0.7205785028701469 17
1746613974212 0.7265369693438212 18
1746613982725 0.7239936758710451 19
1746613991216 0.7361048643085553 20
1746613999725 0.7447266432523312 21
1746614008215 0.7055035716160014 22
1746614016770 0.7032251218642656 23
1746614025303 0.7373037029311295 24
1746614033859 0.6970321380031046 25
1746614042466 0.6905369283745219 26
1746614051052 0.7068063236551967 27
1746614059661 0.7124277375131377 28
1746614068302 0.684177113349109 29
1746614076897 0.7011040969252794 30
1746614085564 0.700509213236198 31
1746614094193 0.7257021122577927 32
1746614102799 0.7131616197019347 33
1746614111416 0.7047023008111052 34
1746614120070 0.7017097924080195 35
1746614128743 0.6931747691169459 36
1746614137383 0.6771680633643119 37
1746614145974 0.6804988106507905 38
1746614154601 0.6816570539333018 39
1746614163260 0.6837740201392515 40
1746614171905 0.6617164831823079 41
1746614180521 0.6767326816006273 42
1746614189167 0.6688877257793153 43
1746614197813 0.6720063616676064 44
1746614206469 0.6471830128999281 45
1746614215117 0.6430115109962943 46
1746614223752 0.6368537454184854 47
1746614232387 0.6467843408359907 48
1746614241008 0.6291365301005711 49
1746614249629 0.6514864096882872 50
1746614258242 0.6576601730799384 51
1746614266905 0.6536538510422432 52
1746614275573 0.6202281526245996 53
1746614284213 0.6484674605919637 54
1746614292873 0.6288562544457368 55
1746614301505 0.6218533820714834 56
1746614310172 0.6148261810680542 57
1746614318789 0.6047629687486519 58
1746614327418 0.5984902627909162 59
1746614336081 0.623985524576996 60
1746614344699 0.6089824067256422 61
1746614353324 0.6091566318824861 62
1746614361932 0.5813534655079999 63
1746614370543 0.5823953985959863 64
1746614379165 0.584488418401848 65
1746614387787 0.5270080928403046 66
1746614396422 0.5673086294745068 67
1746614405054 0.5532780506015864 68
1746614413671 0.5188134510271628 69
1746614422317 0.5323671014105046 70
1746614430947 0.535086478966485 71
1746614439568 0.5411946033932151 72
1746614448197 0.5157525613253862 73
1746614456805 0.5107570517853709 74
1746614465427 0.5092885822941912 75
1746614474037 0.5064581261255354 76
1746614482663 0.4737800489753537 77
1746614491303 0.49644287453271957 78
1746614499910 0.481900399944129 79
1746614508532 0.44646853476398696 80
1746614517163 0.4647710035452668 81
1746614525802 0.4514966324153787 82
1746614534443 0.42788858696116205 83
1746614543057 0.42734887140167527 84
1746614551690 0.42195796464646257 85
1746614560321 0.41860411132817493 86
1746614568953 0.4077440845872719 87
1746614577565 0.40727262399167496 88
1746614586183 0.39818079522558947 89
1746614594827 0.3770371472908356 90
1746614603473 0.3899576156083202 91
