1746613831545 52.268760907504365 1
1746613839662 52.00698080279232 2
1746613847841 52.5305410122164 3
1746613856088 50.261780104712045 4
1746613864374 51.832460732984295 5
1746613872699 47.20767888307155 6
1746613881056 51.91972076788831 7
1746613889444 52.617801047120416 8
1746613898025 50.610820244328096 9
1746613906462 50.43630017452007 10
1746613914912 54.3630017452007 11
1746613923367 51.57068062827225 12
1746613931824 54.10122164048865 13
1746613940300 49.47643979057592 14
1746613948812 51.65794066317626 15
1746613957281 54.275741710296685 16
1746613965745 53.31588132635253 17
1746613974213 49.738219895287955 18
1746613982725 51.396160558464224 19
1746613991217 51.74520069808028 20
1746613999725 52.181500872600346 21
1746614008216 54.973821989528794 22
1746614016771 55.410122164048865 23
1746614025303 53.7521815008726 24
1746614033860 55.67190226876091 25
1746614042467 58.20244328097731 26
1746614051053 57.068062827225134 27
1746614059661 56.80628272251309 28
1746614068303 59.77312390924956 29
1746614076898 58.726003490401396 30
1746614085565 56.980802792321114 31
1746614094194 55.846422338568935 32
1746614102800 57.15532286212915 33
1746614111417 58.20244328097731 34
1746614120072 56.719022687609076 35
1746614128744 57.5043630017452 36
1746614137384 60.47120418848168 37
1746614145976 60.12216404886562 38
1746614154602 60.38394415357766 39
1746614163261 57.5043630017452 40
1746614171905 61.34380453752181 41
1746614180522 61.60558464223386 42
1746614189168 60.645724258289704 43
1746614197814 61.518324607329845 44
1746614206470 63.00174520069808 45
1746614215117 63.525305410122165 46
1746614223753 64.13612565445027 47
1746614232388 63.7870855148342 48
1746614241009 64.48516579406632 49
1746614249630 65.09598603839441 50
1746614258243 64.22338568935427 51
1746614266905 64.3979057591623 52
1746614275573 66.8411867364747 53
1746614284214 63.00174520069808 54
1746614292873 66.49214659685863 55
1746614301506 66.40488656195463 56
1746614310173 69.19720767888307 57
1746614318789 68.06282722513089 58
1746614327419 69.28446771378708 59
1746614336081 66.40488656195463 60
1746614344700 68.23734729493891 61
1746614353325 69.80802792321117 62
1746614361933 72.77486910994764 63
1746614370544 70.94240837696336 64
1746614379165 70.59336823734729 65
1746614387788 75.39267015706807 66
1746614396423 72.25130890052355 67
1746614405054 72.33856893542757 68
1746614413672 75.21815008726003 69
1746614422317 73.56020942408377 70
1746614430948 74.25828970331588 71
1746614439569 73.90924956369983 72
1746614448197 77.13787085514834 73
1746614456805 75.91623036649214 74
1746614465428 75.5671902268761 75
1746614474038 75.5671902268761 76
1746614482664 78.35951134380454 77
1746614491304 76.00349040139616 78
1746614499911 77.22513089005236 79
1746614508532 79.66841186736475 80
1746614517164 79.58115183246073 81
1746614525803 79.49389179755671 82
1746614534444 81.50087260034904 83
1746614543058 80.0174520069808 84
1746614551691 80.80279232111693 85
1746614560321 82.11169284467714 86
1746614568954 82.37347294938918 87
1746614577566 83.42059336823735 88
1746614586184 83.7696335078534 89
1746614594827 84.03141361256544 90
1746614603473 84.46771378708551 91
