1746612467288 0.8964671970818056 1
1746612475310 0.9627995287924744 2
1746612483427 0.8404713611380176 3
1746612491568 0.7816439409322555 4
1746612499768 0.7763674928047686 5
1746612507979 0.7622928531486118 6
1746612516264 0.7320941198246641 7
1746612524542 0.7105125623639758 8
1746612533028 0.7217372894079065 9
1746612541374 0.7117539728499208 10
1746612549730 0.6876344055613506 11
1746612558075 0.670200388364975 12
1746612566431 0.6610912976048587 13
1746612574791 0.6618286493977119 14
1746612583169 0.6465423567964976 15
1746612591541 0.6637893704011594 16
1746612599961 0.6529953105287402 17
1746612608368 0.6345852178636854 18
1746612616804 0.6380391658704735 19
1746612625263 0.6331787284132073 20
1746612633645 0.6224304958787888 21
1746612642036 0.6281660383284404 22
1746612650449 0.614314867875963 23
1746612658857 0.6043419885281701 24
1746612667273 0.5917708028049369 25
1746612675663 0.5886807347051344 26
1746612684092 0.5922329488225008 27
1746612692521 0.599292671909299 28
1746612700918 0.5912617524048837 29
1746612709373 0.5711025820352644 30
1746612717844 0.574101426422492 31
1746612726285 0.5773041584312811 32
1746612734784 0.5821485286399748 33
1746612743261 0.5759749962813359 34
1746612751781 0.558074387008191 35
1746612760301 0.5577927478320935 36
1746612768814 0.5430376986870591 37
1746612777326 0.544867818632259 38
1746612785837 0.5436416903403417 39
1746612794332 0.5561619676636568 40
1746612802835 0.5294817796864435 41
1746612811340 0.5296808238845013 42
1746612819846 0.5239005189187448 43
1746612828357 0.5351299140569843 44
1746612836892 0.5222804432452037 45
1746612845417 0.5243190815103408 46
1746612853931 0.5184368461006391 47
1746612862464 0.5103197248610318 48
1746612870991 0.4946294737423902 49
1746612879527 0.4989836586811572 50
1746612888035 0.49041403125301913 51
1746612896594 0.5033778136833384 52
1746612905116 0.49113693635709205 53
1746612913658 0.48683890336263036 54
1746612922158 0.4949563536240376 55
1746612930668 0.4850115536291146 56
1746612939185 0.4576928107422268 57
1746612947700 0.47844392976627714 58
1746612956237 0.47632049234749757 59
1746612964760 0.4727982377818742 60
1746612973292 0.4690177453646069 61
1746612981826 0.4610888887242289 62
1746612990356 0.43195003068259874 63
1746612998845 0.44721865388735427 64
1746613007376 0.4498654039638413 65
1746613015874 0.4430333721804161 66
1746613024387 0.44114004665852424 67
1746613032943 0.4261104240363389 68
1746613041427 0.42960988003337985 69
1746613049943 0.423570013665196 70
1746613058445 0.4369954211445587 71
1746613066992 0.41766520980973104 72
1746613075513 0.40830097913117935 73
1746613084014 0.4138923272828573 74
1746613092533 0.38955853088884035 75
1746613101041 0.40295593073854896 76
1746613109541 0.3932107639666419 77
1746613118042 0.41765684097433176 78
1746613126527 0.40531086063509836 79
1746613135053 0.3892799363606471 80
1746613143589 0.39709646747582455 81
1746613152114 0.4120781821626227 82
1746613160667 0.3957447987472408 83
1746613169177 0.37448310259124995 84
1746613177710 0.3919679837181098 85
1746613186229 0.40520606755586197 86
1746613194733 0.3660632670185745 87
1746613203262 0.3824312193335455 88
1746613211752 0.3797125037479983 89
1746613220300 0.3455155473104946 90
1746613228845 0.35526605470538347 91
1746613237393 0.35961377272223094 92
1746613245889 0.36538329556662374 93
1746613254417 0.3515831354686935 94
1746613262950 0.35341828954885557 95
1746613271473 0.32905457443175723 96
1746613279977 0.33626043331040556 97
1746613288539 0.33141428091763203 98
1746613297077 0.3010626657627016 99
1746613305585 0.3140153412627508 100
