1746612467289 52.44328097731239 1
1746612475311 52.00698080279232 2
1746612483428 51.57068062827225 3
1746612491569 50.0 4
1746612499769 50.78534031413613 5
1746612507980 52.5305410122164 6
1746612516265 57.76614310645724 7
1746612524543 53.31588132635253 8
1746612533029 55.67190226876091 9
1746612541374 55.93368237347295 10
1746612549731 57.417102966841185 11
1746612558076 59.94764397905759 12
1746612566432 60.20942408376963 13
1746612574792 62.56544502617801 14
1746612583169 63.26352530541012 15
1746612591542 60.73298429319372 16
1746612599961 61.78010471204188 17
1746612608369 64.83420593368237 18
1746612616805 64.65968586387434 19
1746612625264 64.04886561954625 20
1746612633645 67.19022687609075 21
1746612642037 64.48516579406632 22
1746612650449 64.83420593368237 23
1746612658857 68.06282722513089 24
1746612667273 69.72076788830715 25
1746612675665 68.58638743455498 26
1746612684093 68.49912739965096 27
1746612692522 67.80104712041884 28
1746612700919 67.10296684118674 29
1746612709374 72.77486910994764 30
1746612717845 70.59336823734729 31
1746612726286 70.59336823734729 32
1746612734785 70.06980802792322 33
1746612743261 71.02966841186736 34
1746612751782 72.07678883071553 35
1746612760301 71.9022687609075 36
1746612768815 74.86910994764398 37
1746612777326 74.4328097731239 38
1746612785837 73.47294938917976 39
1746612794333 73.1239092495637 40
1746612802836 75.30541012216405 41
1746612811341 74.86910994764398 42
1746612819847 74.78184991273997 43
1746612828358 74.25828970331588 44
1746612836893 75.5671902268761 45
1746612845417 75.5671902268761 46
1746612853932 75.6544502617801 47
1746612862465 78.44677137870855 48
1746612870992 76.52705061082024 49
1746612879528 78.01047120418848 50
1746612888036 77.83595113438045 51
1746612896594 76.70157068062828 52
1746612905117 77.5741710296684 53
1746612913659 78.97033158813264 54
1746612922159 78.62129144851657 55
1746612930669 78.97033158813264 56
1746612939185 80.19197207678883 57
1746612947701 78.35951134380454 58
1746612956237 78.62129144851657 59
1746612964761 79.66841186736475 60
1746612973293 79.49389179755671 61
1746612981827 79.05759162303664 62
1746612990357 81.76265270506109 63
1746612998845 80.97731239092495 64
1746613007377 80.89005235602095 65
1746613015875 81.93717277486911 66
1746613024388 81.239092495637 67
1746613032944 83.94415357766142 68
1746613041428 81.06457242582897 69
1746613049944 83.50785340314137 70
1746613058446 81.93717277486911 71
1746613066993 82.80977312390925 72
1746613075514 83.33333333333333 73
1746613084016 82.98429319371728 74
1746613092533 84.81675392670157 75
1746613101042 82.72251308900523 76
1746613109542 85.07853403141361 77
1746613118042 82.28621291448516 78
1746613126528 84.64223385689354 79
1746613135054 84.64223385689354 80
1746613143589 84.29319371727749 81
1746613152114 82.72251308900523 82
1746613160668 83.85689354275742 83
1746613169177 86.3001745200698 84
1746613177710 83.6823734729494 85
1746613186230 84.46771378708551 86
1746613194734 86.73647469458987 87
1746613203263 86.03839441535777 88
1746613211753 84.81675392670157 89
1746613220301 87.43455497382199 90
1746613228845 85.77661431064573 91
1746613237394 85.6020942408377 92
1746613245890 86.47469458987784 93
1746613254418 87.17277486910994 94
1746613262951 86.56195462478185 95
1746613271473 87.52181500872601 96
1746613279978 87.34729493891797 97
1746613288540 87.26003490401396 98
1746613297078 89.70331588132635 99
1746613305585 88.7434554973822 100
1746613314179 85.86013712047013 100
