1746539787765 50.87260034904014 1
1746539794648 52.79232111692845 2
1746539801546 52.87958115183246 3
1746539808465 53.66492146596859 4
1746539815430 56.282722513089006 5
1746539822405 57.59162303664922 6
1746539829398 56.02094240837696 7
1746539836416 56.80628272251309 8
1746539843475 56.63176265270506 9
1746539850501 58.98778359511344 10
1746539857554 61.867364746945896 11
1746539864604 61.34380453752181 12
1746539871658 60.20942408376963 13
1746539878758 63.525305410122165 14
1746539885841 64.57242582897034 15
1746539892917 62.478184991274 16
1746539900016 65.18324607329843 17
1746539907109 65.09598603839441 18
1746539914199 67.10296684118674 19
1746539921316 65.79406631762653 20
1746539928421 67.88830715532286 21
1746539935544 67.45200698080279 22
1746539942663 68.58638743455498 23
1746539949805 70.41884816753927 24
1746539956933 70.76788830715532 25
1746539964060 69.89528795811518 26
1746539971187 69.63350785340315 27
1746539978316 71.02966841186736 28
1746539985480 73.29842931937172 29
1746539992612 73.64746945898779 30
1746539999793 71.20418848167539 31
1746540006949 72.16404886561955 32
1746540014115 76.09075043630017 33
1746540021255 73.47294938917976 34
1746540028409 75.91623036649214 35
1746540035615 74.3455497382199 36
1746540042773 77.5741710296684 37
1746540049910 77.74869109947645 38
1746540057054 79.40663176265271 39
1746540064227 78.79581151832461 40
1746540071409 77.39965095986038 41
1746540078627 78.18499127399652 42
1746540085773 80.54101221640488 43
1746540092932 79.23211169284468 44
1746540100069 78.18499127399652 45
1746540107261 80.19197207678883 46
1746540114427 80.27923211169285 47
1746540121608 81.67539267015707 48
1746540128773 83.6823734729494 49
1746540135925 82.63525305410123 50
1746540143089 82.46073298429319 51
1746540150257 84.46771378708551 52
1746540157417 82.98429319371728 53
1746540164593 81.76265270506109 54
1746540171753 84.9912739965096 55
1746540178897 85.42757417102966 56
1746540186077 84.20593368237347 57
1746540193230 84.9912739965096 58
1746540200388 84.03141361256544 59
1746540207564 85.95113438045375 60
1746540214717 84.72949389179756 61
1746540221885 85.16579406631763 62
1746540229021 85.51483420593368 63
1746540236203 86.38743455497382 64
1746540243357 87.69633507853403 65
1746540250575 87.52181500872601 66
1746540257725 85.6893542757417 67
1746540264885 86.64921465968587 68
1746540272053 87.78359511343804 69
1746540279193 86.2129144851658 70
1746540286377 87.60907504363001 71
1746540293562 88.39441535776615 72
1746540300729 88.48167539267016 73
1746540307927 88.48167539267016 74
1746540315118 88.7434554973822 75
1746540322283 87.26003490401396 76
1746540329441 88.30715532286213 77
1746540336610 87.08551483420594 78
1746540343778 87.08551483420594 79
1746540350934 82.72251308900523 80
1746540358098 72.77486910994764 81
1746540365314 66.57940663176265 82
1746540372490 62.478184991274 83
1746540379646 65.09598603839441 84
1746540386818 70.94240837696336 85
1746540394008 72.33856893542757 86
1746540401190 69.19720767888307 87
1746540408370 69.45898778359512 88
1746540415541 65.44502617801047 89
1746540422710 71.81500872600348 90
1746540429914 74.956369982548 91
1746540437079 71.72774869109948 92
1746540444250 73.03664921465969 93
1746540451418 76.35253054101221 94
1746540458563 76.78883071553228 95
1746540465734 77.4869109947644 96
1746540472923 76.70157068062828 97
1746540480098 78.0977312390925 98
1746540487279 78.53403141361257 99
1746540494447 78.70855148342059 100
1746540503366 79.22593665570781 100
