1746539787764 0.7621741188758331 1
1746539794647 0.7799388117711166 2
1746539801545 0.9552682117017776 3
1746539808464 0.7998595267898333 4
1746539815429 0.8627550369990018 5
1746539822404 0.7463444893688848 6
1746539829397 0.7179960005154369 7
1746539836414 0.7131597830362969 8
1746539843473 0.7197818772747047 9
1746539850500 0.6949839662714986 10
1746539857553 0.6843992943955134 11
1746539864603 0.6687800618470443 12
1746539871657 0.6629132163462215 13
1746539878757 0.6418300249189607 14
1746539885841 0.6313766469922157 15
1746539892916 0.6407722684101285 16
1746539900015 0.633911498762134 17
1746539907108 0.6263388440559048 18
1746539914198 0.608678062340768 19
1746539921316 0.6013910569653669 20
1746539928420 0.5998432046455863 21
1746539935543 0.6025440990404725 22
1746539942662 0.5831770579644314 23
1746539949805 0.573179607408001 24
1746539956932 0.5720012066251945 25
1746539964059 0.5777185640409979 26
1746539971186 0.5726179760372035 27
1746539978315 0.5623555380012353 28
1746539985479 0.5543103855733889 29
1746539992611 0.5552616478260899 30
1746539999792 0.5588849595704004 31
1746540006949 0.539876941038884 32
1746540014114 0.5175565233873447 33
1746540021254 0.5361847481178363 34
1746540028408 0.5160645985062418 35
1746540035615 0.5214146652354827 36
1746540042773 0.49000162645576306 37
1746540049909 0.4982189934499185 38
1746540057053 0.46443406808438725 39
1746540064227 0.46968577336682493 40
1746540071407 0.48497678763371277 41
1746540078627 0.47165668197951394 42
1746540085772 0.456265626673507 43
1746540092931 0.4605331300232839 44
1746540100069 0.4705288114764095 45
1746540107260 0.4537710230179898 46
1746540114426 0.4410267711517907 47
1746540121607 0.4310603511063008 48
1746540128773 0.4101369763752137 49
1746540135924 0.4139223737450378 50
1746540143088 0.4201819920623074 51
1746540150255 0.38999602885146417 52
1746540157417 0.39311365057660647 53
1746540164593 0.41259104491944504 54
1746540171753 0.3865025478819902 55
1746540178897 0.37937437697438875 56
1746540186076 0.3865491436830158 57
1746540193229 0.3757509163744995 58
1746540200387 0.38262252179323897 59
1746540207562 0.36384179985335985 60
1746540214716 0.37963532631725955 61
1746540221884 0.37367434739858485 62
1746540229020 0.37475875441316536 63
1746540236202 0.36681512656116155 64
1746540243356 0.3312192682768454 65
1746540250574 0.33976402249427784 66
1746540257724 0.34821191066014623 67
1746540264885 0.33740089825934766 68
1746540272053 0.32762979400095515 69
1746540279191 0.35218264087124435 70
1746540286376 0.3346498996071374 71
1746540293561 0.30910232143044264 72
1746540300728 0.3166372990837064 73
1746540307927 0.3188441301359556 74
1746540315117 0.3165171446756543 75
1746540322282 0.33399084506858706 76
1746540329441 0.3356478390841376 77
1746540336609 0.3304422492028115 78
1746540343777 0.3324869858136768 79
1746540350934 0.39781893849580907 80
1746540358098 0.5436197396556328 81
1746540365313 0.6308718673221728 82
1746540372490 0.687574700587291 83
1746540379646 0.630023328941738 84
1746540386817 0.5731278087872277 85
1746540394007 0.568443349414679 86
1746540401190 0.5874740750793803 87
1746540408369 0.5800999900225361 88
1746540415541 0.6301439543877181 89
1746540422709 0.5536881608280628 90
1746540429913 0.5284234588058832 91
1746540437079 0.5436367826312 92
1746540444249 0.5337389216581149 93
1746540451417 0.5086780603435443 94
1746540458563 0.5089913681539565 95
1746540465734 0.491798583437635 96
1746540472923 0.5073673425544619 97
1746540480097 0.4740724973445579 98
1746540487278 0.4448509722375953 99
1746540494446 0.48054238410104216 100
