1746611194769 50.0 1
1746611202945 51.2216404886562 2
1746611211170 52.09424083769633 3
1746611219421 54.3630017452007 4
1746611227716 52.00698080279232 5
1746611236054 52.5305410122164 6
1746611244441 53.05410122164049 7
1746611252837 55.93368237347295 8
1746611261391 54.712041884816756 9
1746611269805 52.09424083769633 10
1746611278250 53.839441535776615 11
1746611286669 55.23560209424084 12
1746611295171 53.31588132635253 13
1746611303632 52.35602094240838 14
1746611312108 56.719022687609076 15
1746611320597 55.14834205933683 16
1746611329101 58.81326352530541 17
1746611337620 60.47120418848168 18
1746611346132 61.2565445026178 19
1746611354648 60.55846422338569 20
1746611363160 57.76614310645724 21
1746611371676 59.68586387434555 22
1746611380203 61.2565445026178 23
1746611388721 60.47120418848168 24
1746611397236 63.00174520069808 25
1746611405753 63.87434554973822 26
1746611414295 62.73996509598604 27
1746611422845 64.04886561954625 28
1746611431385 64.48516579406632 29
