1746611194767 1.9854229546166684 1
1746611202945 0.8411718638155473 2
1746611211170 0.7486035519037363 3
1746611219421 0.7379539685931713 4
1746611227715 0.7338406365579335 5
1746611236053 0.7247479614162944 6
1746611244439 0.7321350810623501 7
1746611252836 0.7129510434094107 8
1746611261389 0.716630312784804 9
1746611269804 0.7525553702787995 10
1746611278249 0.7100875828590693 11
1746611286668 0.7266849490568484 12
1746611295170 0.7261740873205308 13
1746611303631 0.7098964122993576 14
1746611312107 0.6951912453245326 15
1746611320596 0.6930948434491848 16
1746611329101 0.6874577597589809 17
1746611337619 0.6741190750353415 18
1746611346131 0.6699986418296321 19
1746611354647 0.6844628443892714 20
1746611363159 0.6742029135972001 21
1746611371675 0.6754153520649017 22
1746611380202 0.6620810176481543 23
1746611388721 0.6660273783494041 24
1746611397235 0.6541821499977645 25
1746611405753 0.6413353290441357 26
1746611414294 0.6366543436965809 27
1746611422845 0.6451205431270766 28
1746611431384 0.6306528914037175 29
